Some((
    red: 0.11764706,
    green: 0.11764706,
    blue: 0.18039216,
))