Some((
    red: 0.19215687,
    green: 0.19607843,
    blue: 0.26666668,
    alpha: 1.0,
))